1.000000  1.000000  0.000139
1.000000  1.500000  0.000139
1.000000  2.000000  0.000344
1.000000  2.500000  0.000344
1.000000  3.000000  0.000972
1.000000  3.500000  0.000972
1.000000  4.000000  0.001461
1.000000  4.500000  0.001461
2.000000  1.000000  0.000139
2.000000  1.500000  0.000139
2.000000  2.000000  0.000385
2.000000  2.500000  0.000385
2.000000  3.000000  0.001528
2.000000  3.500000  0.001528
2.000000  4.000000  0.005978
2.000000  4.500000  0.005978
3.000000  1.000000  0.000139
3.000000  1.500000  0.000139
3.000000  2.000000  0.001411
3.000000  2.500000  0.001411
3.000000  3.000000  -0.001092
3.000000  3.500000  -0.001092
3.000000  4.000000  0.083988
3.000000  4.500000  0.083988
4.000000  1.000000  0.000139
4.000000  1.500000  0.000139
4.000000  2.000000  -0.005495
4.000000  2.500000  -0.005495
4.000000  3.000000  0.034268
4.000000  3.500000  0.034268
4.000000  4.000000  0.111044
4.000000  4.500000  0.111044
5.000000  1.000000  0.000139
5.000000  1.500000  0.000139
5.000000  2.000000  0.043470
5.000000  2.500000  0.043470
5.000000  3.000000  0.113148
5.000000  3.500000  0.113148
5.000000  4.000000  0.109682
5.000000  4.500000  0.109682
6.000000  1.000000  0.000139
6.000000  1.500000  0.000139
6.000000  2.000000  0.045966
6.000000  2.500000  0.045966
6.000000  3.000000  0.084028
6.000000  3.500000  0.084028
6.000000  4.000000  0.060792
6.000000  4.500000  0.060792
7.000000  1.000000  0.021531
7.000000  1.500000  0.021531
7.000000  2.000000  0.066127
7.000000  2.500000  0.066127
7.000000  3.000000  0.071577
7.000000  3.500000  0.071577
7.000000  4.000000  0.069019
7.000000  4.500000  0.069019
8.000000  1.000000  0.025098
8.000000  1.500000  0.025098
8.000000  2.000000  0.058061
8.000000  2.500000  0.058061
8.000000  3.000000  0.059630
8.000000  3.500000  0.059630
8.000000  4.000000  0.089074
8.000000  4.500000  0.089074
9.000000  1.000000  0.027870
9.000000  1.500000  0.027870
9.000000  2.000000  0.061408
9.000000  2.500000  0.061408
9.000000  3.000000  0.096297
9.000000  3.500000  0.096297
9.000000  4.000000  0.095320
9.000000  4.500000  0.095320
1.000000  1.000000  0.000139
1.000000  1.500000  0.000139
1.000000  2.000000  0.000344
1.000000  2.500000  0.000344
1.000000  3.000000  0.000972
1.000000  3.500000  0.000972
1.000000  4.000000  0.001461
1.000000  4.500000  0.001461
2.000000  1.000000  0.000139
2.000000  1.500000  0.000139
2.000000  2.000000  0.000385
2.000000  2.500000  0.000385
2.000000  3.000000  0.001528
2.000000  3.500000  0.001528
2.000000  4.000000  0.005978
2.000000  4.500000  0.005978
3.000000  1.000000  0.000139
3.000000  1.500000  0.000139
3.000000  2.000000  0.001411
3.000000  2.500000  0.001411
