1.000000  1.000000  0.100000
1.000000  1.500000  0.100000
1.000000  2.000000  0.147427
1.000000  2.500000  0.147427
1.000000  3.000000  0.200000
1.000000  3.500000  0.200000
1.000000  4.000000  0.252156
1.000000  4.500000  0.252156
2.000000  1.000000  0.100000
2.000000  1.500000  0.100000
2.000000  2.000000  0.151496
2.000000  2.500000  0.151496
2.000000  3.000000  0.200000
2.000000  3.500000  0.200000
2.000000  4.000000  0.251464
2.000000  4.500000  0.251464
3.000000  1.000000  0.100000
3.000000  1.500000  0.100000
3.000000  2.000000  0.149698
3.000000  2.500000  0.149698
3.000000  3.000000  0.613433
3.000000  3.500000  0.613433
3.000000  4.000000  7.623183
3.000000  4.500000  7.623183
4.000000  1.000000  0.100000
4.000000  1.500000  0.100000
4.000000  2.000000  0.365689
4.000000  2.500000  0.365689
4.000000  3.000000  9.462687
4.000000  3.500000  9.462687
4.000000  4.000000  15.234618
4.000000  4.500000  15.234618
5.000000  1.000000  0.100000
5.000000  1.500000  0.100000
5.000000  2.000000  7.262448
5.000000  2.500000  7.262448
5.000000  3.000000  14.653670
5.000000  3.500000  14.653670
5.000000  4.000000  18.712608
5.000000  4.500000  18.712608
6.000000  1.000000  0.100000
6.000000  1.500000  0.100000
6.000000  2.000000  12.209559
6.000000  2.500000  12.209559
6.000000  3.000000  18.181367
6.000000  3.500000  18.181367
6.000000  4.000000  21.305660
6.000000  4.500000  21.305660
7.000000  1.000000  5.235698
7.000000  1.500000  5.235698
7.000000  2.000000  15.472604
7.000000  2.500000  15.472604
7.000000  3.000000  20.698703
7.000000  3.500000  20.698703
7.000000  4.000000  23.641063
7.000000  4.500000  23.641063
8.000000  1.000000  9.087483
8.000000  1.500000  9.087483
8.000000  2.000000  18.087591
8.000000  2.500000  18.087591
8.000000  3.000000  22.980019
8.000000  3.500000  22.980019
8.000000  4.000000  25.146447
8.000000  4.500000  25.146447
9.000000  1.000000  12.083310
9.000000  1.500000  12.083310
9.000000  2.000000  20.119478
9.000000  2.500000  20.119478
9.000000  3.000000  24.574230
9.000000  3.500000  24.574230
9.000000  4.000000  26.688031
9.000000  4.500000  26.688031
1.000000  1.000000  0.100000
1.000000  1.500000  0.100000
1.000000  2.000000  0.147427
1.000000  2.500000  0.147427
1.000000  3.000000  0.200000
1.000000  3.500000  0.200000
1.000000  4.000000  0.252156
1.000000  4.500000  0.252156
2.000000  1.000000  0.100000
2.000000  1.500000  0.100000
2.000000  2.000000  0.151496
2.000000  2.500000  0.151496
2.000000  3.000000  0.200000
2.000000  3.500000  0.200000
2.000000  4.000000  0.251464
2.000000  4.500000  0.251464
3.000000  1.000000  0.100000
3.000000  1.500000  0.100000
3.000000  2.000000  0.149698
3.000000  2.500000  0.149698
