1.000000  1.000000  0.138985
1.000000  1.500000  0.138985
1.000000  2.000000  0.233369
1.000000  2.500000  0.233369
1.000000  3.000000  0.487296
1.000000  3.500000  0.487296
1.000000  4.000000  0.581218
1.000000  4.500000  0.581218
2.000000  1.000000  0.138985
2.000000  1.500000  0.138985
2.000000  2.000000  0.254496
2.000000  2.500000  0.254496
2.000000  3.000000  0.766818
2.000000  3.500000  0.766818
2.000000  4.000000  2.406004
2.000000  4.500000  2.406004
3.000000  1.000000  0.138985
3.000000  1.500000  0.138985
3.000000  2.000000  0.947254
3.000000  2.500000  0.947254
3.000000  3.000000  -0.177906
3.000000  3.500000  -0.177906
3.000000  4.000000  1.107847
3.000000  4.500000  1.107847
4.000000  1.000000  0.138985
4.000000  1.500000  0.138985
4.000000  2.000000  -1.491521
4.000000  2.500000  -1.491521
4.000000  3.000000  0.362795
4.000000  3.500000  0.362795
4.000000  4.000000  0.731557
4.000000  4.500000  0.731557
5.000000  1.000000  0.138985
5.000000  1.500000  0.138985
5.000000  2.000000  0.600349
5.000000  2.500000  0.600349
5.000000  3.000000  0.775142
5.000000  3.500000  0.775142
5.000000  4.000000  0.587862
5.000000  4.500000  0.587862
6.000000  1.000000  0.138985
6.000000  1.500000  0.138985
6.000000  2.000000  0.377188
6.000000  2.500000  0.377188
6.000000  3.000000  0.463237
6.000000  3.500000  0.463237
6.000000  4.000000  0.285738
6.000000  4.500000  0.285738
7.000000  1.000000  0.412083
7.000000  1.500000  0.412083
7.000000  2.000000  0.428295
7.000000  2.500000  0.428295
7.000000  3.000000  0.346402
7.000000  3.500000  0.346402
7.000000  4.000000  0.292371
7.000000  4.500000  0.292371
8.000000  1.000000  0.276568
8.000000  1.500000  0.276568
8.000000  2.000000  0.321515
8.000000  2.500000  0.321515
8.000000  3.000000  0.259824
8.000000  3.500000  0.259824
8.000000  4.000000  0.354849
8.000000  4.500000  0.354849
9.000000  1.000000  0.230918
9.000000  1.500000  0.230918
9.000000  2.000000  0.305684
9.000000  2.500000  0.305684
9.000000  3.000000  0.392630
9.000000  3.500000  0.392630
9.000000  4.000000  0.357805
9.000000  4.500000  0.357805
1.000000  1.000000  0.138985
1.000000  1.500000  0.138985
1.000000  2.000000  0.233369
1.000000  2.500000  0.233369
1.000000  3.000000  0.487296
1.000000  3.500000  0.487296
1.000000  4.000000  0.581218
1.000000  4.500000  0.581218
2.000000  1.000000  0.138985
2.000000  1.500000  0.138985
2.000000  2.000000  0.254496
2.000000  2.500000  0.254496
2.000000  3.000000  0.766818
2.000000  3.500000  0.766818
2.000000  4.000000  2.406004
2.000000  4.500000  2.406004
3.000000  1.000000  0.138985
3.000000  1.500000  0.138985
3.000000  2.000000  0.947254
3.000000  2.500000  0.947254
